5.62
5.59
5.39
5.33
5.25
5.24
5.95
5.66
5.96
5.99
6.59
6.63
7.61
7.99
7.98
7.42
7.63
7.8
8.11
7.6
7.62
7.64
7.86
7.97
9.17
9.53
9.23
8.64
8.88
9.56
9.85
9.47
9.52
9.34
9.76
9.56
10.4
10.41
10
9.41
9.26
9.64
9.97
9.27
9.17
9.25
9
8.68
10.02
9.78
9.44
8.85
8.31
8.65
9.05
8.51
8.08
7.84
7.67
7.28
8.51
8.07
7.96
7.89
7.65
7.87
8.42
7.85
7.63
7.52
7.75
7.31
8.53
8.16
8.02
7.48
7.16
7.14
7.75
6.89
6.72
6.7
6.94
6.58
7.55
7.2
7.05
6.34
5.98
6.4
6.65
6.24
6.1
5.89
5.75
5.77
6.55
6.29
6.47
5.62
5.52
5.98
6.32
5.98
5.89
5.8
5.62
5.45
6.15
5.98
5.74
5.27
4.74
5.28
5.62
5.06
4.93
4.84
4.8
4.71
5.38
5.36
5.35
4.75
4.83
5.07
5.35
5.08
4.59
4.54
4.62
4.41
5.23
5.07
5.2
4.86
4.63
5.25
5.57
5.67
5.43
5.9
6.19
6.19
7.03
6.84
6.92
6.61
6.28
6.79
7
6.74
6.35
6.45
6.76
6.71
7.33
7.21
7.06
6.72
6.56
7.2
7.21
6.89
6.55
6.55
6.61
6.28
7
6.76
6.93
6.27
6.05
6.45
6.52
6.01
5.72
5.75
5.82
5.68
6.18
6.14
5.82
5.36
5.13
5.42
5.58
5.22
5.1
5.04
5.23
4.94
5.34
5.35
5.13
4.87
4.61
4.9
5.24
4.93
4.59
4.42
4.69
4.65
5.44
5.34
5.15
5.01
4.82
5.23
5.67
5.45
5.33
5.35
5.49
5.79
6.35
6.18
6.45
6.01
6.45
6.93
7.56
7.7
7.53
7.87
8.28
8.96
10.31
10.7
10.99
10.58
10.95
11.6
12.04
11.96
11.83
12.04
12.01
12.17
