-.36
-.48
-.43
-.25
-.39
-.43
-.51
-.29
-.47
-.27
-.21
-.31
-.24
-.30
-.34
-.36
-.23
-.29
-.41
-.42
-.40
-.13
.00
-.30
-.28
-.25
-.23
-.31
-.36
-.34
-.27
-.37
-.31
-.17
-.39
-.32
-.42
-.46
-.38
-.36
-.16
-.15
-.33
-.22
-.13
-.22
-.37
-.44
-.49
-.37
-.30
-.50
-.52
-.49
-.46
-.49
-.41
-.42
-.24
-.13
-.36
-.51
-.39
-.30
-.23
-.19
-.30
-.27
-.33
-.22
-.08
-.19
-.22
-.37
-.13
-.05
-.10
-.23
-.11
-.15
-.10
-.00
.10
.02
-.04
.06
.06
.06
.22
.06
-.08
-.08
-.08
-.09
-.19
-.05
.02
.10
-.15
-.16
-.26
.05
.12
.04
.00
.03
.04
.07
-.22
-.16
-.06
-.06
-.09
.03
-.03
-.19
-.06
.08
-.18
-.12
-.22
.06
-.03
.06
.10
.14
.05
.24
.02
.00
.09
.23
.25
.18
.35
.29
.15
.19
.26
.39
.22
.43



