 40.6 
 41.1 
 40.5 
 40.1 
 40.4 
 41.2 
 39.3 
 41.6 
 42.3 
 43.2 
 41.8 
 40.5 
 40 
 40.1 
 39.3 
 38.5 
 37.7 
 37.9 
 36 
 39 
 40 
 39.2 
 39 
 38.8 
 39.8 
 40.3 
 41.6 
 42.6 
 43 
 44.7 
 43.4 
 48.3 
 48.7 
 50 
 48.3 
 48.2 
 48.5 
 49.6 
 50 
 49.4 
 48.6 
 49.1 
 45.5 
 48 
 49.1 
 49.5 
 48.9 
 48.2 
 49 
 50.1 
 50.4 
 49.1 
 48.3 
 48.4 
 44.9 
 50.6 
 53.4 
 54.5 
 54.5 
 53.6 
 54.2 
 55.6 
 56.3 
 55.8 
 55.8 
 55.9 
 53.2 
 55.8 
 55.5 
 55.8 
 53.2 
 51 
 51.3 
 52 
 51.8 
 51.2 
 51.3 
 51.9 
 48.8 
 51.3 
 52.3 
 53.5 
 53.6 
 53.4 
 54.7 
 56.2 
 57.5 
 57.9 
 58.4 
 59.1 
 55.8 
 58.6 
 60.1 
 61.9 
 61.3 
 60.4 
 60.5 
 61.1 
 61.2 
 61.6 
 60.7 
 61 
 55.2 
 60.4 
 62.6 
 63.8 
 62.6 
 62 
 62 
 63.5 
 63.6 
 62.3 
 61.8 
 63.1 
 59.4 
 62.8 
 63 
 62.6 
 60.4 
 57.8 
 57 
 56.4 
 55.8 
 54.7 
 55 
 57.6 
 59.4 
 58.7 
 60.7 
 61.3 
 62.1 
 60.8 
 61.9 
 63.8 
 65.2 
 66.4 
 67.2 
 68.5 
 62.9 
 63.3 
 64.5 
 64.6 
 63.6 
 65.9 
 67.8 
 68.2 
 68 
 67.5 
 67.3 
 67.5 
 63.4 
 65.6 
 66.6 
 66.9 
 64.5 
 61.7 
 62 
 62.7 
 63.5 
 65.1 
 66.1 
 68 
 64.6 
 67.9 
 69.5 
 71.1 
 70.5 
 69.4 
 68.9 
 71 
 72.1 
 72.4 
 72.4 
 73.4 
 69.7 
 71.9 
 74.7 
 75 
 73.6 
 71.8 
 72.4 
 74.7 
 75.7 
 76.4 
 77.1 
 78.6 
 73.4 
 75.5 
 78.9 
 80.2 
 78.7 
 76.5 
 77.5 
 79.8 
 80.2 
 81.5 
 81.9 
 83.2 
 78.3 
 81.3 
 84.6 
 83.9 
 84.5 
 83.4 
 84.8 
 87 
 88.8 
 88.8 
 89.5 
 91.7 
 86.7 
 89.4 
 92.4 
 94.5 
 93 
 91.4 
 92.7 
 95.3 
 97.3 
 97.1 
 97.8 
 100 
 93.8 
 97.2 
 101.7 
 102.8 
 100 
 97.5 
 98.1 
 99.1 
 99 
 99.6 
 98.7 
 100.9 
 94.4 
 99.6 
 102.7 
 103.4 
 103.1 
 101.4 
 101.8 
 104.5 
 105.6 
 104.9 
 106.5 
 109.3 
 102.5 
 105.5 
 109.6 
 110.1 
 109.6 
 106.2 
 107.3 
 110.4 
 111.6 
 110.6 
 110.5 
 114 
 107.3 
 111.6 
 115.1 
 115.1 
 112 
 108.3 
 106.5 
 109.1 
 109.4 
 108.8 
 108.6 
 110.8 
 104.5 
 108 
 110.4 
 108 
 105.1 
 104.1 
 105.5 
 108.3 
 108.6 
 108.8 
 109.5 
 112.5 
 105.4 
 108.8 
 113.5 
 113.9 
 111.6 
 108.5 
 111.5 
 115.6 
 116.8 
 118.7 
 118.4 
 121.8 
 114.2 
 120.5 
 125.5 
 126.8 
 125.2 
 121.8 
 122.7 
 128.1 
 128.8 
 128.6 
 129.6 
 133 
 126.4 
 130.3 
 134.8 
 135.3 
 132.9 
 126.7 
 126.3 
 129.8 
 130.8 
 129.9 
 131.7 
 135.3 
 127.3 
 131.4 
 135.5 
 133.1 
 125.5 
 114.9 
 111.8 
 113 
 111.8 
 113 
 113.8 
 119.2 
 114.5 
 121.4 
 125.9 
 125.4 
 123.8 
 119.8 
 122.2 
 128.3 
 128.6 
 128.7 
 130 
 133.2 
 126.5 
 131.7 
 134.3 
 133.8 
 132.1 
 128.3 
 128.8 
 133.6 
 135.7 
 136.2 
 137.2 
 141.5 
 134.1 
 138.2 
 142.4 
 142.7 
 139.5 
 134.9 
 134.8 
 139.6 
 141.4 
 144.2 
 144.2 
 148.8 
 141.9 
 146.9 
 152 
 152.6 
 149.7 
 145 
