730
717
769
858
921
1018
980
1027
906
847
981
1502
821
871
938
1044
1097
1155
1069
1150
981
915
1087
1698
892
942
1095
1099
1186
1215
1125
1283
1143
1030
1233
1934
1000
1052
1240
1182
1298
1321
1210
1340
1178
1117
1192
1857
945
991
1151
1190
1287
1332
1299
1430
1236
1091
1205
1908
998
1122
1234
1278
1300
1335
1336
1370
1198
1112
1197
2137
1033
984
1217
1372
1395
1465
1467
1543
1325
1210
1390
2499
1178
1205
1502
1566
1566
1694
1600
1755
1485
1339
1488
2640
1239
1265
1621
1629
1668
1774
1730
1873
1593
1419
1571
2771
1346
1327
1672
1727
1801
1925
1865
2029
1629
1488
1651
2749
1392
1388
1683
1793
1860
2052
1924
2048
1671
1596
1738
2990
1458
1485
1848
1919
2043
2231
2081
2143
1779
1678
1764
2979
